
 Initial Omega  = 0.000000 
../eos/wd_eos_helmholtz.dat,  MDIVxSDIV=65x129
ratio	e_15	M	M_0	r_star	spin	Omega_K	I	J/M^2
	g/cm^3	sun	sun	km	s-1	s-1	g cm^2	

About to print EOS table. n_tab = -1309621068
DEBUG: Central density computed: - e_center=4.439608e-06
DEBUG: Central pressure computed: - p_center=3.984189e-09
1.000 	0.0 	1.4060317587 	0.1026503762 	1653.60037 	0.00000e+00 	6.42201e+00 	0.00000 	0.00000
0.995 	0.0 	1.4076567982 	0.1027690147 	1659.89454 	6.20125e-01 	6.39010e+00 	8242.90113 	0.29353
0.990 	0.0 	1.4092958895 	0.1028886844 	1666.27841 	8.74710e-01 	6.35805e+00 	8278.66577 	0.41487
0.985 	0.0 	1.4109297699 	0.1030079731 	1672.74702 	1.06848e+00 	6.32580e+00 	8314.52775 	0.50778
0.980 	0.0 	1.4125583355 	0.1031268731 	1679.30223 	1.23048e+00 	6.29334e+00 	8350.48332 	0.58595
0.975 	0.0 	1.4141794065 	0.1032452254 	1685.94291 	1.37193e+00 	6.26069e+00 	8386.51052 	0.65462
0.970 	0.0 	1.4157967227 	0.1033633033 	1692.67963 	1.49881e+00 	6.22781e+00 	8422.63635 	0.71661
0.965 	0.0 	1.4174120522 	0.1034812361 	1699.51011 	1.61450e+00 	6.19470e+00 	8458.87079 	0.77347
0.960 	0.0 	1.4190214254 	0.1035987338 	1706.43295 	1.72115e+00 	6.16139e+00 	8495.18104 	0.82623
0.955 	0.0 	1.4206242841 	0.1037157559 	1713.45078 	1.82037e+00 	6.12787e+00 	8531.56946 	0.87562
0.950 	0.0 	1.4222197187 	0.1038322355 	1720.56511 	1.91327e+00 	6.09415e+00 	8568.02510 	0.92217
0.945 	0.0 	1.4238061300 	0.1039480561 	1727.77606 	2.00070e+00 	6.06022e+00 	8604.52767 	0.96626
0.940 	0.0 	1.4253846389 	0.1040632992 	1735.09066 	2.08339e+00 	6.02606e+00 	8641.07332 	1.00823
0.935 	0.0 	1.4269540179 	0.1041778754 	1742.50809 	2.16185e+00 	5.99169e+00 	8677.63393 	1.04832
0.930 	0.0 	1.4285141967 	0.1042917796 	1750.03047 	2.23650e+00 	5.95711e+00 	8714.20464 	1.08671
0.925 	0.0 	1.4300639793 	0.1044049242 	1757.65900 	2.30769e+00 	5.92231e+00 	8750.77997 	1.12357
0.920 	0.0 	1.4316023284 	0.1045172336 	1765.39628 	2.37572e+00 	5.88730e+00 	8787.31255 	1.15903
0.915 	0.0 	1.4331285201 	0.1046286550 	1773.24155 	2.44082e+00 	5.85209e+00 	8823.84070 	1.19319
0.910 	0.0 	1.4346447335 	0.1047393475 	1781.20694 	2.50330e+00 	5.81664e+00 	8860.32853 	1.22620
0.905 	0.0 	1.4361494544 	0.1048492007 	1789.28771 	2.56326e+00 	5.78097e+00 	8896.76812 	1.25809
0.900 	0.0 	1.4376409791 	0.1049580902 	1797.48690 	2.62088e+00 	5.74508e+00 	8933.10523 	1.28895
0.895 	0.0 	1.4391197530 	0.1050660486 	1805.80579 	2.67629e+00 	5.70898e+00 	8969.38706 	1.31883
0.890 	0.0 	1.4405827787 	0.1051728569 	1814.24670 	2.72961e+00 	5.67267e+00 	9005.50929 	1.34778
0.885 	0.0 	1.4420429547 	0.1052794585 	1822.82097 	2.78093e+00 	5.63612e+00 	9041.69922 	1.37585
0.880 	0.0 	1.4434755536 	0.1053840450 	1831.51554 	2.83040e+00 	5.59938e+00 	9077.56351 	1.40309
0.875 	0.0 	1.4448917540 	0.1054874338 	1840.33967 	2.87807e+00 	5.56243e+00 	9113.27201 	1.42953
0.870 	0.0 	1.4462912230 	0.1055896007 	1849.29670 	2.92403e+00 	5.52526e+00 	9148.78045 	1.45519
0.865 	0.0 	1.4476734596 	0.1056905092 	1858.38832 	2.96833e+00 	5.48789e+00 	9184.14769 	1.48012
0.860 	0.0 	1.4490344537 	0.1057898663 	1867.61690 	3.01105e+00 	5.45031e+00 	9219.19581 	1.50432
0.855 	0.0 	1.4503767851 	0.1058878607 	1876.98954 	3.05225e+00 	5.41251e+00 	9254.00262 	1.52783
0.850 	0.0 	1.4517021369 	0.1059846152 	1886.50782 	3.09199e+00 	5.37449e+00 	9288.63869 	1.55068
0.845 	0.0 	1.4530052736 	0.1060797475 	1896.17247 	3.13031e+00 	5.33627e+00 	9322.89728 	1.57286
0.840 	0.0 	1.4542874826 	0.1061733517 	1905.98749 	3.16724e+00 	5.29785e+00 	9356.81558 	1.59439
0.835 	0.0 	1.4555465615 	0.1062652668 	1915.95446 	3.20282e+00 	5.25922e+00 	9390.41946 	1.61530
0.830 	0.0 	1.4567816793 	0.1063554324 	1926.07651 	3.23709e+00 	5.22039e+00 	9423.59943 	1.63557
0.825 	0.0 	1.4579937611 	0.1064439159 	1936.35951 	3.27010e+00 	5.18136e+00 	9456.43487 	1.65525
0.820 	0.0 	1.4591811256 	0.1065305948 	1946.80481 	3.30186e+00 	5.14213e+00 	9488.76061 	1.67432
0.815 	0.0 	1.4603429015 	0.1066154055 	1957.41456 	3.33241e+00 	5.10271e+00 	9520.68861 	1.69279
0.810 	0.0 	1.4614784389 	0.1066983004 	1968.19342 	3.36176e+00 	5.06310e+00 	9552.15445 	1.71069
0.805 	0.0 	1.4625841646 	0.1067790189 	1979.14327 	3.38995e+00 	5.02330e+00 	9582.96478 	1.72798
0.800 	0.0 	1.4636647991 	0.1068579055 	1990.27646 	3.41702e+00 	4.98328e+00 	9613.32842 	1.74472
0.795 	0.0 	1.4647164059 	0.1069346728 	2001.58820 	3.44297e+00 	4.94309e+00 	9643.08692 	1.76088
0.790 	0.0 	1.4657392268 	0.1070093383 	2013.08344 	3.46782e+00 	4.90272e+00 	9672.25887 	1.77647
0.785 	0.0 	1.4667286105 	0.1070815624 	2024.76684 	3.49160e+00 	4.86217e+00 	9700.59200 	1.79147
0.780 	0.0 	1.4676891218 	0.1071516785 	2036.63860 	3.51430e+00 	4.82145e+00 	9728.44799 	1.80593
0.775 	0.0 	1.4686169457 	0.1072194080 	2048.71001 	3.53597e+00 	4.78054e+00 	9755.46261 	1.81981
0.770 	0.0 	1.4695122481 	0.1072847631 	2060.97934 	3.55661e+00 	4.73947e+00 	9781.71107 	1.83313
0.765 	0.0 	1.4703740407 	0.1073476717 	2073.45067 	3.57623e+00 	4.69825e+00 	9807.27538 	1.84589
0.760 	0.0 	1.4712010113 	0.1074080379 	2086.13029 	3.59485e+00 	4.65687e+00 	9831.93520 	1.85808
0.755 	0.0 	1.4719914253 	0.1074657351 	2099.01990 	3.61248e+00 	4.61533e+00 	9855.73149 	1.86970
0.750 	0.0 	1.4727467433 	0.1075208705 	2112.13443 	3.62916e+00 	4.57362e+00 	9878.52013 	1.88074
0.745 	0.0 	1.4734666900 	0.1075734239 	2125.46859 	3.64486e+00 	4.53177e+00 	9900.49934 	1.89123
0.740 	0.0 	1.4741488047 	0.1076232158 	2139.02742 	3.65962e+00 	4.48978e+00 	9921.38859 	1.90114
0.735 	0.0 	1.4747929245 	0.1076702342 	2152.81634 	3.67344e+00 	4.44767e+00 	9941.32365 	1.91048
0.730 	0.0 	1.4754002077 	0.1077145635 	2166.84147 	3.68633e+00 	4.40542e+00 	9960.30107 	1.91926
0.725 	0.0 	1.4759636391 	0.1077556916 	2181.10948 	3.69831e+00 	4.36303e+00 	9977.81387 	1.92741
0.720 	0.0 	1.4765036446 	0.1077951114 	2195.63233 	3.70935e+00 	4.32051e+00 	9994.68552 	1.93502
0.715 	0.0 	1.4769891377 	0.1078305497 	2210.39342 	3.71951e+00 	4.27792e+00 	10010.20163 	1.94205
0.710 	0.0 	1.4774365093 	0.1078632050 	2225.40832 	3.72878e+00 	4.23524e+00 	10024.69127 	1.94853
0.705 	0.0 	1.4778439959 	0.1078929485 	2240.68989 	3.73718e+00 	4.19245e+00 	10037.95444 	1.95443
0.700 	0.0 	1.4782070625 	0.1079194489 	2256.24041 	3.74471e+00 	4.14955e+00 	10049.80131 	1.95972
0.695 	0.0 	1.4785306120 	0.1079430646 	2272.06255 	3.75139e+00 	4.10658e+00 	10060.50772 	1.96444
0.690 	0.0 	1.4788119042 	0.1079635959 	2288.16186 	3.75721e+00 	4.06354e+00 	10069.82594 	1.96856
0.685 	0.0 	1.4790518139 	0.1079811066 	2304.54376 	3.76219e+00 	4.02044e+00 	10077.95940 	1.97212
0.680 	0.0 	1.4792455803 	0.1079952491 	2321.22004 	3.76634e+00 	3.97725e+00 	10084.49043 	1.97506
0.675 	0.0 	1.4794004458 	0.1080065524 	2338.18974 	3.76967e+00 	3.93402e+00 	10089.77026 	1.97743
0.670 	0.0 	1.4795134163 	0.1080147977 	2355.46058 	3.77218e+00 	3.89077e+00 	10093.84266 	1.97924
0.665 	0.0 	1.4795846637 	0.1080199977 	2373.03865 	3.77388e+00 	3.84749e+00 	10096.66481 	1.98049
0.660 	0.0 	1.4796129773 	0.1080220640 	2390.93861 	3.77479e+00 	3.80416e+00 	10097.91982 	1.98114
0.655 	0.0 	1.4795969486 	0.1080208932 	2409.16349 	3.77490e+00 	3.76081e+00 	10097.62057 	1.98119
0.657 	0.0 	1.4796057948 	0.1080215392 	2403.19515 	3.77495e+00 	3.77492e+00 	10097.84180 	1.98123
