
 Initial Omega  = 0.000000 
../eos/wd_eos_helmholtz.dat,  MDIVxSDIV=65x129
ratio	e_15	M	M_0	r_star	spin	Omega_K	I	J/M^2
	g/cm^3	sun	sun	km	s-1	s-1	g cm^2	

About to print EOS table. n_tab = 1517366804
DEBUG: Central density computed: - e_center=2.549154e-06
DEBUG: Central pressure computed: - p_center=1.896742e-09
1.000 	0.0 	1.3937706774 	0.1017280847 	1925.61644 	0.00000e+00 	5.08816e+00 	0.00000 	0.00000
0.995 	0.0 	1.3954899489 	0.1018535715 	1932.88247 	4.89754e-01 	5.06341e+00 	11603.05167 	0.33204
0.990 	0.0 	1.3972152412 	0.1019795012 	1940.24168 	6.90862e-01 	5.03857e+00 	11655.65713 	0.46934
0.985 	0.0 	1.3989359504 	0.1021050960 	1947.69835 	8.43968e-01 	5.01356e+00 	11708.43566 	0.57453
0.980 	0.0 	1.4006520744 	0.1022303560 	1955.25473 	9.72014e-01 	4.98839e+00 	11761.38405 	0.66307
0.975 	0.0 	1.4023586091 	0.1023549158 	1962.90741 	1.08381e+00 	4.96307e+00 	11814.44317 	0.74086
0.970 	0.0 	1.4040654600 	0.1024794988 	1970.67536 	1.18419e+00 	4.93754e+00 	11867.69915 	0.81115
0.965 	0.0 	1.4057719691 	0.1026040568 	1978.55009 	1.27573e+00 	4.91184e+00 	11921.16130 	0.87566
0.960 	0.0 	1.4074733040 	0.1027282368 	1986.53176 	1.36016e+00 	4.88598e+00 	11974.77135 	0.93554
0.955 	0.0 	1.4091690832 	0.1028520109 	1994.62299 	1.43872e+00 	4.85995e+00 	12028.54112 	0.99163
0.950 	0.0 	1.4108589684 	0.1029753543 	2002.82467 	1.51229e+00 	4.83374e+00 	12082.48821 	1.04451
0.945 	0.0 	1.4125388791 	0.1030979691 	2011.13743 	1.58156e+00 	4.80738e+00 	12136.48164 	1.09462
0.940 	0.0 	1.4142116437 	0.1032200620 	2019.56983 	1.64709e+00 	4.78082e+00 	12190.60395 	1.14235
0.935 	0.0 	1.4158776477 	0.1033416613 	2028.12233 	1.70930e+00 	4.75410e+00 	12244.80813 	1.18797
0.930 	0.0 	1.4175348139 	0.1034626152 	2036.79523 	1.76851e+00 	4.72720e+00 	12299.09765 	1.23168
0.925 	0.0 	1.4191813729 	0.1035827945 	2045.59079 	1.82499e+00 	4.70012e+00 	12353.36813 	1.27367
0.920 	0.0 	1.4208188713 	0.1037023122 	2054.51121 	1.87899e+00 	4.67287e+00 	12407.74605 	1.31409
0.915 	0.0 	1.4224424614 	0.1038208142 	2063.55615 	1.93067e+00 	4.64546e+00 	12462.03627 	1.35305
0.910 	0.0 	1.4240574120 	0.1039386854 	2072.74074 	1.98029e+00 	4.61784e+00 	12516.38720 	1.39072
0.905 	0.0 	1.4256606847 	0.1040557041 	2082.06030 	2.02795e+00 	4.59004e+00 	12570.58513 	1.42714
0.900 	0.0 	1.4272529596 	0.1041719198 	2091.51663 	2.07376e+00 	4.56207e+00 	12624.77774 	1.46241
0.895 	0.0 	1.4288322568 	0.1042871878 	2101.11112 	2.11783e+00 	4.53392e+00 	12678.91618 	1.49658
0.890 	0.0 	1.4303990906 	0.1044015459 	2110.84391 	2.16025e+00 	4.50560e+00 	12733.03353 	1.52971
0.885 	0.0 	1.4319477404 	0.1045145763 	2120.72343 	2.20112e+00 	4.47710e+00 	12786.85066 	1.56185
0.880 	0.0 	1.4334821599 	0.1046265678 	2130.75256 	2.24052e+00 	4.44841e+00 	12840.53508 	1.59307
0.875 	0.0 	1.4350016391 	0.1047374686 	2140.93158 	2.27850e+00 	4.41955e+00 	12894.04193 	1.62338
0.870 	0.0 	1.4365033071 	0.1048470692 	2151.26395 	2.31514e+00 	4.39052e+00 	12947.33031 	1.65284
0.865 	0.0 	1.4379871939 	0.1049553719 	2161.75274 	2.35047e+00 	4.36131e+00 	13000.41503 	1.68147
0.860 	0.0 	1.4394520008 	0.1050622816 	2172.39956 	2.38455e+00 	4.33193e+00 	13053.10006 	1.70928
0.855 	0.0 	1.4408970505 	0.1051677488 	2183.21406 	2.41745e+00 	4.30237e+00 	13105.52054 	1.73633
0.850 	0.0 	1.4423228708 	0.1052718122 	2194.19817 	2.44919e+00 	4.27262e+00 	13157.59557 	1.76263
0.845 	0.0 	1.4437296379 	0.1053744848 	2205.35280 	2.47981e+00 	4.24270e+00 	13209.24164 	1.78819
0.840 	0.0 	1.4451124117 	0.1054754057 	2216.68102 	2.50934e+00 	4.21260e+00 	13260.41345 	1.81301
0.835 	0.0 	1.4464874814 	0.1055757654 	2228.19621 	2.53779e+00 	4.18232e+00 	13311.52447 	1.83714
0.830 	0.0 	1.4478232207 	0.1056732529 	2239.88334 	2.56523e+00 	4.15188e+00 	13361.63033 	1.86055
0.825 	0.0 	1.4491387189 	0.1057692629 	2251.75558 	2.59167e+00 	4.12128e+00 	13411.49252 	1.88332
0.820 	0.0 	1.4504270052 	0.1058632867 	2263.81673 	2.61712e+00 	4.09050e+00 	13460.55872 	1.90539
0.815 	0.0 	1.4516868675 	0.1059552355 	2276.06916 	2.64162e+00 	4.05955e+00 	13508.88090 	1.92677
0.810 	0.0 	1.4529213469 	0.1060453315 	2288.51821 	2.66517e+00 	4.02845e+00 	13556.69660 	1.94752
0.805 	0.0 	1.4541272289 	0.1061333400 	2301.16468 	2.68781e+00 	3.99718e+00 	13603.79036 	1.96762
0.800 	0.0 	1.4553055754 	0.1062193385 	2314.02757 	2.70956e+00 	3.96573e+00 	13650.05721 	1.98707
0.795 	0.0 	1.4564515134 	0.1063029715 	2327.09813 	2.73043e+00 	3.93412e+00 	13695.33802 	2.00585
0.790 	0.0 	1.4575707479 	0.1063846555 	2340.38166 	2.75042e+00 	3.90236e+00 	13740.00624 	2.02402
0.785 	0.0 	1.4586557986 	0.1064638444 	2353.88374 	2.76957e+00 	3.87044e+00 	13783.58606 	2.04153
0.780 	0.0 	1.4597078952 	0.1065406280 	2367.60707 	2.78787e+00 	3.83836e+00 	13826.06418 	2.05838
0.775 	0.0 	1.4607273066 	0.1066150258 	2381.56306 	2.80535e+00 	3.80613e+00 	13867.62131 	2.07461
0.770 	0.0 	1.4617113165 	0.1066868397 	2395.74885 	2.82200e+00 	3.77376e+00 	13908.09526 	2.09021
0.765 	0.0 	1.4626577125 	0.1067559083 	2410.17218 	2.83786e+00 	3.74124e+00 	13947.11118 	2.10512
0.760 	0.0 	1.4635723766 	0.1068226610 	2424.83677 	2.85292e+00 	3.70859e+00 	13985.36238 	2.11944
0.755 	0.0 	1.4644463371 	0.1068864429 	2439.74610 	2.86719e+00 	3.67580e+00 	14022.18552 	2.13310
0.750 	0.0 	1.4652812350 	0.1069473738 	2454.92109 	2.88070e+00 	3.64284e+00 	14057.36987 	2.14609
0.745 	0.0 	1.4660789740 	0.1070055923 	2470.35162 	2.89344e+00 	3.60977e+00 	14091.37595 	2.15844
0.740 	0.0 	1.4668365938 	0.1070608828 	2486.04603 	2.90543e+00 	3.57656e+00 	14123.76053 	2.17013
0.735 	0.0 	1.4675529785 	0.1071131637 	2502.00812 	2.91668e+00 	3.54321e+00 	14154.56794 	2.18115
0.730 	0.0 	1.4682315949 	0.1071626881 	2518.24696 	2.92717e+00 	3.50979e+00 	14184.28753 	2.19156
0.725 	0.0 	1.4688649189 	0.1072089070 	2534.76946 	2.93693e+00 	3.47624e+00 	14212.16237 	2.20129
0.720 	0.0 	1.4694587971 	0.1072522470 	2551.57696 	2.94597e+00 	3.44259e+00 	14238.61521 	2.21039
0.715 	0.0 	1.4700050805 	0.1072921132 	2568.67684 	2.95429e+00 	3.40884e+00 	14262.95404 	2.21877
0.710 	0.0 	1.4705095196 	0.1073289256 	2586.07331 	2.96189e+00 	3.37499e+00 	14285.80102 	2.22651
0.705 	0.0 	1.4709714093 	0.1073626330 	2603.78274 	2.96880e+00 	3.34104e+00 	14306.85553 	2.23359
0.700 	0.0 	1.4713856874 	0.1073928657 	2621.80887 	2.97501e+00 	3.30699e+00 	14325.81630 	2.23997
0.695 	0.0 	1.4717537875 	0.1074197282 	2640.15150 	2.98054e+00 	3.27287e+00 	14342.78561 	2.24567
0.690 	0.0 	1.4720801419 	0.1074435443 	2658.81903 	2.98538e+00 	3.23868e+00 	14357.90798 	2.25069
0.685 	0.0 	1.4723544568 	0.1074635623 	2677.82263 	2.98955e+00 	3.20440e+00 	14370.67660 	2.25499
0.680 	0.0 	1.4725826165 	0.1074802121 	2697.16853 	2.99305e+00 	3.17005e+00 	14381.25551 	2.25859
0.675 	0.0 	1.4727702605 	0.1074939052 	2716.85774 	2.99588e+00 	3.13567e+00 	14390.38776 	2.26159
0.670 	0.0 	1.4729079791 	0.1075039546 	2736.90003 	2.99805e+00 	3.10124e+00 	14397.20446 	2.26388
0.665 	0.0 	1.4730082065 	0.1075112692 	2757.31925 	2.99955e+00 	3.06676e+00 	14401.96100 	2.26545
0.660 	0.0 	1.4730524758 	0.1075144987 	2778.10193 	3.00044e+00 	3.03224e+00 	14404.29846 	2.26636
0.655 	0.0 	1.4730463645 	0.1075140516 	2799.26616 	3.00069e+00 	2.99767e+00 	14403.98395 	2.26652
0.655 	0.0 	1.4730467554 	0.1075140794 	2797.40231 	3.00071e+00 	3.00070e+00 	14404.40745 	2.26659
